39751630 44.7993438 20.4698854
50633903 44.7990494 20.4685876
50647543 44.8037034 20.4688257
50647546 44.8031434 20.4697474
50647549 44.8026925 20.4704864
50647553 44.8022480 20.4712022
72453743 44.7992115 20.4692843
72455022 44.7981494 20.4700940
72455025 44.7979021 20.4700660
72455029 44.7967759 20.4693662
74015739 44.7997378 20.4715012
78970377 44.8055943 20.4749080
104254213 44.7984947 20.4994198
114148011 44.7974231 20.4697783
114148012 44.7972304 20.4713293
114148013 44.7971553 20.4721587
114148015 44.7969504 20.4747904
114148016 44.7968701 20.4750913
114148017 44.7969441 20.4771880
249033803 44.7956601 20.4777146
249034694 44.7959762 20.4734605
249034696 44.7959606 20.4749450
249034698 44.7961306 20.4774006
249034771 44.8003678 20.4760588
249034772 44.7992676 20.4764115
249034773 44.7985904 20.4766525
249034774 44.7978338 20.4768941
249034775 44.7967070 20.4772529
249102387 44.8062265 20.4734104
249102388 44.8050090 20.4762744
249102390 44.8043238 20.4778431
249102391 44.8037887 20.4791448
249102392 44.8034176 20.4800241
249102393 44.8026200 20.4819313
249102394 44.7997842 20.4887604
249103904 44.8013918 20.4725438
249103905 44.7998388 20.4751142
249104536 44.8018064 20.4682521
249104606 44.8013700 20.4690332
249104607 44.8040128 20.4718852
249104670 44.8047825 20.4729588
249104671 44.8057983 20.4744149
249104773 44.8040718 20.4739333
249104774 44.8051683 20.4759101
249104821 44.8044284 20.4736032
249104822 44.8029910 20.4748413
249104824 44.8015509 20.4759374
249104869 44.8046106 20.4757597
249104870 44.8035498 20.4743991
249104871 44.8028516 20.4735070
249104872 44.8017173 20.4720312
249104874 44.8006527 20.4702820
249105255 44.8003993 20.4706612
249105256 44.8009681 20.4717575
249105257 44.8024471 20.4740881
249105471 44.8010962 20.4730413
249105473 44.8022292 20.4753965
249105494 44.8000520 20.4710903
249105662 44.8032916 20.4780483
249105727 44.8040496 20.4767616
249105728 44.8026904 20.4750586
249105743 44.8037032 20.4773844
249106314 44.8025193 20.4778165
249106315 44.8027465 20.4773763
249106687 44.8010105 20.4772323
249106689 44.8022254 20.4786139
249107550 44.8016092 20.4778810
249108282 44.8002080 20.4830299
249108345 44.8009184 20.4832901
249108693 44.8028347 20.4793632
249108888 44.8016779 20.4797570
249108889 44.8023176 20.4804015
249109084 44.8013106 20.4805938
249109085 44.8014301 20.4822330
249109216 44.8010912 20.4786036
249109217 44.8018719 20.4793488
249109232 44.8006036 20.4781803
249109233 44.8008709 20.4784060
249109234 44.8010870 20.4779175
249109238 44.8015423 20.4800530
249109239 44.8002951 20.4788930
249109333 44.8011683 20.4809195
249109409 44.7998522 20.4799375
249109410 44.7986715 20.4796144
249109411 44.7979892 20.4796121
249109509 44.8007007 20.4819522
249109510 44.8012837 20.4825239
249109601 44.7993395 20.4811413
249109618 44.8016850 20.4841730
249110293 44.7989186 20.4821478
249110294 44.8006027 20.4836367
249110330 44.7992583 20.4843892
249110331 44.7998290 20.4827855
249110473 44.7996734 20.4847915
249110518 44.7980770 20.4821328
249110893 44.7988724 20.4857364
249110894 44.7978638 20.4856282
249110896 44.7964592 20.4841242
249110897 44.7954327 20.4837360
249111155 44.7980178 20.4737854
249111156 44.7976371 20.4745979
249111168 44.7981480 20.4842208
249111236 44.7980708 20.4846121
249250509 44.7964958 20.4893083
249343764 44.8047181 20.4769281
249419083 44.8044830 20.4858844
249419084 44.8033503 20.4881246
249419085 44.8025281 20.4899614
249419902 44.8019990 20.4914014
249419903 44.8022817 20.4907294
249419904 44.8029805 20.4891454
249419905 44.8035258 20.4879247
249419906 44.8045317 20.4859617
249419907 44.8051752 20.4848308
249419908 44.8053843 20.4845541
249419909 44.8055913 20.4843052
249419910 44.8058323 20.4840627
249420048 44.8058185 20.4821708
249420049 44.8057009 20.4840906
252182824 44.7993870 20.4758592
252182869 44.7983984 20.4732962
252182870 44.7993879 20.4741817
252182878 44.7989232 20.4746333
252182935 44.7980606 20.4737486
252182943 44.7988786 20.4783420
252183028 44.7980757 20.4736185
252183029 44.7981211 20.4715732
252183117 44.7975946 20.4730787
252183118 44.7976570 20.4715117
252183119 44.7977198 20.4715201
252183120 44.7977919 20.4715282
252183146 44.7984612 20.4716136
252183213 44.7965201 20.4749309
252183433 44.7963551 20.4749412
256742221 44.8038793 20.4792851
265067365 44.7990393 20.4783817
265067366 44.7979452 20.4785517
265067367 44.7974810 20.4787849
265067368 44.7967525 20.4788540
265067662 44.8006720 20.4766240
265067663 44.7997500 20.4774752
265067664 44.7989232 20.4783505
265067699 44.8004292 20.4785799
265067700 44.8002096 20.4783522
265067732 44.8000820 20.4786800
265068014 44.7974864 20.4770148
265068015 44.7975484 20.4787660
265068016 44.7977884 20.4849590
265068244 44.7972018 20.4788338
265068245 44.7973058 20.4819903
265068246 44.7971881 20.4827889
265068443 44.7980983 20.4826927
265068444 44.7977096 20.4827128
265068445 44.7973398 20.4827540
265068446 44.7968780 20.4829590
265068447 44.7960818 20.4829596
265068627 44.7976507 20.4812606
265068628 44.7972782 20.4813111
265068629 44.7968625 20.4812596
265068799 44.7969266 20.4843559
265089226 44.7949501 20.4852026
265089309 44.7968403 20.4772164
265089310 44.7945997 20.4863484
265089311 44.7941857 20.4878698
265089312 44.7937362 20.4899979
265089355 44.7964781 20.4816909
265089356 44.7964519 20.4829569
265089692 44.7959710 20.4797571
265089693 44.7966787 20.4798352
265089695 44.7961654 20.4819063
265089728 44.7964626 20.4798003
283640329 44.7989111 20.4908150
283640349 44.8004537 20.4908381
283640351 44.8013312 20.4909310
283640353 44.8019514 20.4912931
283640433 44.8049892 20.4912237
283640597 44.8030180 20.4890537
283640598 44.8031049 20.4891425
283641035 44.8023793 20.4908168
283642459 44.8045761 20.4929801
283642464 44.7998058 20.4908033
293699506 44.8062408 20.4888066
312771243 44.8038731 20.4803617
312771244 44.8037477 20.4802971
312771254 44.8041134 20.4802809
317755253 44.7986099 20.4879632
335751730 44.7995566 20.4717587
335751732 44.8006289 20.4737931
335752218 44.7990657 20.4724090
335752219 44.8001687 20.4745768
335753228 44.8013382 20.4757008
335753906 44.8016700 20.4757826
335767464 44.8022146 20.4906767
335767466 44.8016275 20.4901596
335768302 44.8003087 20.4839512
335768303 44.8012724 20.4851662
335768476 44.7991287 20.4858943
335768477 44.8005794 20.4868199
335768478 44.7988671 20.4869562
335768479 44.8001794 20.4877988
335776254 44.8009634 20.4929041
335776256 44.8001302 20.4928202
335784646 44.8053470 20.4799576
335784647 44.8019013 20.4853826
335784649 44.8028274 20.4864120
335784650 44.8024840 20.4876995
335784651 44.8021463 20.4888985
335784652 44.8010527 20.4921481
335784653 44.8013298 20.4850300
335784691 44.8061304 20.4810689
335784692 44.8050706 20.4793992
335786857 44.8024062 20.4859275
335786863 44.8053418 20.4812009
335786866 44.8031441 20.4833576
335786890 44.8056446 20.4815874
335786895 44.8049000 20.4806371
338505252 44.8037103 20.4874129
338506628 44.8026361 20.4871079
338506629 44.8034749 20.4878779
357037880 44.8083872 20.4841428
361452489 44.8020044 20.4873215
380690802 44.7971586 20.4879950
380690830 44.7984595 20.4885912
418404990 44.8055428 20.4750322
429619226 44.8001509 20.4967914
429621128 44.8065355 20.4844507
429621129 44.8063310 20.4845380
429621130 44.8061179 20.4847533
429621216 44.8057255 20.4841645
429621218 44.8075525 20.4857575
429621513 44.8069701 20.4851694
429621514 44.8068407 20.4851406
429621515 44.8065374 20.4852390
429621516 44.8064718 20.4853201
429621517 44.8061584 20.4859023
429621518 44.8052940 20.4876760
429621519 44.8053042 20.4877545
429621686 44.8071032 20.4852937
429621687 44.8062960 20.4869356
429621688 44.8056928 20.4882084
429621690 44.8073984 20.4843000
429621966 44.8076088 20.4842700
429622265 44.8065562 20.4834612
429622375 44.8032742 20.4831658
429622574 44.8042268 20.4844386
429622586 44.8052570 20.4857853
429622599 44.8056865 20.4862663
429622603 44.8058750 20.4864858
429622606 44.8067493 20.4874066
429622712 44.8042762 20.4864597
429622767 44.8053953 20.4859366
429623652 44.8047864 20.4870938
429623773 44.8038944 20.4872006
429623818 44.8060601 20.4893463
429623830 44.8054293 20.4887227
429625036 44.8043906 20.4908055
429625037 44.8036396 20.4920561
429625174 44.8040810 20.4913202
429625276 44.8035361 20.4896368
429625277 44.8027802 20.4912039
429625278 44.8039996 20.4901412
429625307 44.8031610 20.4915840
429625325 44.8035096 20.4919316
429625801 44.8040304 20.4924212
429626559 44.8007664 20.4938703
429626592 44.7999514 20.4935394
429627390 44.7994973 20.4925496
429627391 44.7989441 20.4948129
429627469 44.8004193 20.4892499
429627470 44.8010940 20.4875669
429627652 44.8017138 20.4880534
429627917 44.8024368 20.4901750
429627925 44.8018605 20.4895891
429628092 44.8026137 20.4893706
429628191 44.8027389 20.4894906
429628486 44.8023382 20.4882563
429628515 44.8017822 20.4878717
429628706 44.8011583 20.4897896
429628707 44.8008065 20.4907979
429628728 44.8008683 20.4881242
429628785 44.8015251 20.4887051
429629810 44.8052099 20.4830201
429629811 44.8046543 20.4822207
429629838 44.8042641 20.4816999
429629916 44.8038749 20.4822513
429629970 44.8042669 20.4828213
429629971 44.8048069 20.4836067
429630239 44.7969933 20.4867958
429630786 44.7960494 20.4839031
429631312 44.7970755 20.4844425
429631747 44.7965224 20.4864130
429631807 44.7960120 20.4860021
429632560 44.7955466 20.4777767
429632835 44.7970397 20.4733678
429632853 44.7964442 20.4734499
429632854 44.7960710 20.4734585
429632967 44.7960658 20.4749452
429634626 44.8010194 20.4758431
429635665 44.8002759 20.4715185
429636052 44.8019737 20.4716324
429636053 44.8015657 20.4712243
429636054 44.8012673 20.4714097
475024843 44.7978027 20.4916074
475024858 44.7961360 20.4896515
475024859 44.7967228 20.4888636
475024860 44.7982706 20.4894776
475024861 44.7980549 20.4904929
709375606 44.7963787 20.4894774
1073576639 44.7989786 20.4974519
1209454876 44.8047550 20.4769853
1209467138 44.8006023 20.4871565
1209467139 44.8012521 20.4855904
1209467140 44.8015010 20.4849799
1209467144 44.8035403 20.4800896
1209467145 44.8009382 20.4863688
1209467149 44.7998968 20.4888386
1209467153 44.8003778 20.4876877
1209467154 44.8025034 20.4825685
1490058516 44.8058733 20.4786978
1693535037 44.7977422 20.4862191
1764270687 44.7980818 20.4730135
1764270688 44.7970532 20.4732199
1827104276 44.7976256 20.4805086
1827104277 44.7976350 20.4808598
1827104341 44.7980136 20.4805434
1832291033 44.7972561 20.4805744
1832291035 44.7975779 20.4794369
1832291037 44.7976256 20.4805594
1832291040 44.7976702 20.4818073
1832291043 44.7979859 20.4794137
1832291045 44.7980623 20.4817958
1845408510 44.7956738 20.4899055
1850330962 44.7964415 20.4881086
1866824902 44.7958017 20.4721186
1866824913 44.7965544 20.4721175
1983293264 44.8052809 20.4915434
2155708345 44.8067977 20.4832481
2155708351 44.8072205 20.4828827
2162530440 44.8010072 20.4864300
2162530441 44.8006891 20.4872323
2710853083 44.7973495 20.4859757
2710853084 44.7977606 20.4861299
2711003219 44.7963399 20.4885615
2711003220 44.7962367 20.4895886
2711003221 44.7968881 20.4870470
2711003234 44.7981261 20.4836210
2711003236 44.8019411 20.4811985
2711003241 44.8027309 20.4820308
2713279864 44.7979765 20.4850913
2713279865 44.7972850 20.4845817
2713279866 44.7954866 20.4836034
2933288729 44.8029765 20.4866175
2933288730 44.8044134 20.4847083
2933988336 44.8039279 20.4804567
2934001893 44.8044092 20.4799886
2934016920 44.8052311 20.4829905
2934044455 44.8028746 20.4838106
2934044459 44.8033139 20.4844164
2934049230 44.7990054 20.4906219
2934049231 44.7991273 20.4907053
2934185500 44.8048521 20.4753403
2934608000 44.8044091 20.4814703
2934610103 44.7979991 20.4933554
2934610104 44.8048018 20.4771176
2934610105 44.8048180 20.4770739
2934610106 44.7991970 20.4905401
2934685296 44.8054929 20.4842975
2934686303 44.8049754 20.4833561
2934686308 44.8051181 20.4847772
2934813589 44.8058406 20.4787246
2937871708 44.8032164 20.4808712
2937871726 44.8042004 20.4801964
2937871728 44.8034537 20.4803066
2937871729 44.8035129 20.4801546
2941182163 44.8051778 20.4792999
2959307274 44.8046798 20.4902730
2959307277 44.8051188 20.4893727
3167109346 44.8027374 20.4867651
3223111018 44.8051362 20.4884357
3285805064 44.8074623 20.4842856
3391232712 44.8056860 20.4750096
3650941480 44.8002778 20.4919611
3885524924 44.7964577 20.4893807
3885524925 44.7964053 20.4894519
3885524926 44.7964343 20.4894183
3885524927 44.7963406 20.4895122
3938492433 44.7962880 20.4812563
3938515072 44.8002391 20.4744670
3945159572 44.7972537 20.4838752
3945159573 44.7973048 20.4821862
3945159574 44.7978732 20.4774699
3945159577 44.7980268 20.4808847
3950772653 44.8041202 20.4681431
3950775913 44.8036568 20.4688973
3950775917 44.8003320 20.4707473
3950775918 44.7987369 20.4728393
3950775919 44.7981467 20.4739969
3950775921 44.7976845 20.4742527
3950775922 44.7976597 20.4743181
3950775923 44.8029036 20.4735656
3950775926 44.8045233 20.4712813
3950775927 44.8040625 20.4719438
3950775929 44.8044698 20.4712147
3950775934 44.8019740 20.4748074
3950776066 44.8014959 20.4754815
3950776067 44.8015667 20.4753787
3950776068 44.8012923 20.4757356
3950776069 44.8016480 20.4760333
3950776070 44.8013724 20.4756593
3955580616 44.8035023 20.4800516
3955580617 44.8034792 20.4801065
3955580619 44.8033402 20.4802219
3955580623 44.8036080 20.4799303
3955580624 44.8034949 20.4798429
3955580627 44.8036096 20.4801603
3955580628 44.8035759 20.4802395
3955580635 44.8025739 20.4820418
3955580637 44.8026891 20.4821265
3955580643 44.8025062 20.4818174
3955580645 44.7975905 20.4869497
3955580646 44.8014392 20.4851153
3955580649 44.8015521 20.4850317
3955580651 44.8007369 20.4868338
3955580652 44.8007162 20.4872532
3955580653 44.8006436 20.4871963
3955580655 44.8006247 20.4867233
3955581557 44.8005102 20.4867670
3955581558 44.7998406 20.4886260
3955581561 44.7999356 20.4887437
3955581563 44.7995082 20.4897813
3955581564 44.7996540 20.4894251
3955581565 44.7989515 20.4911161
3955581566 44.7990826 20.4904382
3955581570 44.7988298 20.4910201
3955750445 44.8049211 20.4768102
3955750448 44.8034734 20.4800227
3955750449 44.8034514 20.4800714
3955759989 44.8000709 20.4880584
3955759990 44.8008083 20.4862947
3955759991 44.8016357 20.4841182
3955759992 44.8021726 20.4833642
3955759993 44.8020329 20.4833507
3955759994 44.8056437 20.4751160
3955760000 44.8043497 20.4781808
3955760001 44.8042263 20.4780904
3955760006 44.8047114 20.4773315
3955760020 44.8048808 20.4769183
3955760030 44.8048466 20.4771186
3955760046 44.8048033 20.4770528
3955760047 44.8048083 20.4770987
3955760159 44.8048079 20.4767261
3955874340 44.7992075 20.4855426
3955900101 44.7952854 20.4749336
3983219965 44.7994001 20.4719618
4005956021 44.7995877 20.4873833
4008411851 44.7963835 20.4805281
4010953555 44.8040088 20.4853169
4020033426 44.7972236 20.4796329
4020033427 44.7966929 20.4796430
4022319436 44.7995824 20.4950106
4022319437 44.7989528 20.4947773
4022613646 44.7963788 20.4882950
4023636994 44.7998845 20.4938280
4030129105 44.8048408 20.4899429
4030336134 44.8067267 20.4851476
4030336135 44.8066307 20.4851675
4031394922 44.8044789 20.4906478
4692084016 44.8048768 20.4795621
5057406720 44.7968587 20.4748245
5057421340 44.7965518 20.4811490
5057421342 44.7964419 20.4813167
5057421343 44.7965206 20.4812281
5060300965 44.7976420 20.4744683
5076785537 44.8017215 20.4757322
5076785539 44.7997522 20.4762587
5076785548 44.7995107 20.4756488
5076785549 44.7993031 20.4765385
5076785550 44.7991541 20.4764491
5076785551 44.7993721 20.4763754
5076785552 44.8004167 20.4761507
5076785554 44.8004944 20.4760196
5076785555 44.8003081 20.4760781
5076785558 44.7997904 20.4751931
5077391389 44.8041785 20.4680493
5079560126 44.8038497 20.4804623
5079560127 44.8039255 20.4803670
5079560128 44.8038087 20.4803391
5079560129 44.8037754 20.4804277
5079560130 44.8034351 20.4799844
5079560140 44.8036469 20.4801983
5079560148 44.8036393 20.4803030
5118725184 44.7978482 20.4739869
5118725185 44.7995120 20.4718186
5118725186 44.7978049 20.4859166
5249473888 44.8041486 20.4786529
5255935075 44.8043435 20.4865433
5255963325 44.8057951 20.4883201
5273441325 44.7976418 20.4746859
5273441326 44.7975389 20.4746273
5273441330 44.7978210 20.4767608
5273441331 44.7977853 20.4769112
5273441336 44.7968957 20.4756412
5273441366 44.7969184 20.4762461
5288276851 44.8011026 20.4758163
5372975900 44.7986014 20.4989981
5372975905 44.7989927 20.4973938
5380436447 44.8020831 20.4773578
5433708751 44.7991143 20.4781495
5433708765 44.7990912 20.4783968
5433708766 44.7991410 20.4780874
5487385351 44.8070145 20.4830678
5502380319 44.7990765 20.4970667
5599448032 44.8012947 20.4856371
5599448033 44.8026528 20.4870514
5599448034 44.8026254 20.4871496
5599448035 44.8026588 20.4871287
5599448036 44.8034254 20.4878342
5599448037 44.8035839 20.4879802
5599448038 44.8035743 20.4876815
5599448039 44.8036208 20.4877380
5599448042 44.8030589 20.4890896
5599448043 44.8022613 20.4905684
5599448044 44.8023312 20.4906214
5602766298 44.8007092 20.4736576
5602766300 44.8005612 20.4739154
5602772321 44.7981358 20.4838943
5602772324 44.7979957 20.4850009
5602772325 44.7975634 20.4870701
5659133982 44.8052665 20.4759994
5659133983 44.8059028 20.4744963
5924238942 44.7992528 20.4762482
5924238943 44.7992625 20.4761355
5924238945 44.7992580 20.4761741
5924238946 44.7992877 20.4760429
6051467306 44.8003173 20.4743422
6208763519 44.8016279 20.4843090
6208763522 44.8014313 20.4847803
6270848231 44.7985143 20.4993490
6276303828 44.7977454 20.4741467
6276303829 44.7975937 20.4741050
6278400486 44.8037170 20.4837184
6278400487 44.8048826 20.4853004
6278400488 44.8048296 20.4852310
6278419085 44.8033082 20.4831147
6298099580 44.7986108 20.4919172
6304828002 44.8065841 20.4851943
6304828003 44.8066802 20.4851554
6304828004 44.8069095 20.4851407
6324239176 44.8061847 20.4733610
6324239177 44.8058319 20.4744411
6324239178 44.8058647 20.4744666
6324327942 44.7979148 20.4768697
6324327943 44.7978436 20.4770310
6324327944 44.7970247 20.4771628
6324335741 44.8015444 20.4754089
6324335743 44.8010822 20.4773109
6324335746 44.8009556 20.4771392
6324335747 44.7991149 20.4764627
6324335749 44.7992554 20.4763088
6324335750 44.7986132 20.4767698
6324335751 44.7986685 20.4766258
6325837328 44.7990799 20.4687145
6325871212 44.7996927 20.4713517
6325871215 44.7993622 20.4699663
6325942950 44.7965608 20.4720380
6325942952 44.7967633 20.4695342
6325963888 44.7963593 20.4748544
6325963889 44.7964510 20.4733700
6326116935 44.7976703 20.4750409
6326116937 44.7980354 20.4738415
6326116938 44.7978135 20.4741879
6326116939 44.7977436 20.4743086
6326116940 44.7976969 20.4744239
6326116941 44.7976631 20.4745212
6326116942 44.7981936 20.4735638
6326116943 44.7988132 20.4727410
6326130971 44.7960623 20.4774431
6326130973 44.7961930 20.4773822
6326130974 44.7967005 20.4771559
6326130975 44.7968335 20.4772920
6326130976 44.7969401 20.4771197
6326130977 44.7978070 20.4766010
6326137957 44.7984537 20.4734330
6326137958 44.7981258 20.4738893
6326185630 44.7976541 20.4769539
6326185631 44.7974903 20.4770907
6326315414 44.7980664 20.4819088
6326315415 44.7980335 20.4810229
6326315416 44.7979896 20.4796961
6326315417 44.7979885 20.4795204
6326315418 44.7979535 20.4786680
6326315419 44.7979395 20.4784743
6326331024 44.7966768 20.4889527
6326331025 44.7972167 20.4880304
6331166903 44.7968803 20.4830484
6331166904 44.7968667 20.4843267
6331166905 44.7963955 20.4840920
6331741961 44.8058216 20.4787426
6333909952 44.8027474 20.4703927
6333909953 44.8030859 20.4698414
6333909954 44.8037468 20.4687546
6334088921 44.8047637 20.4835438
6334088923 44.8046790 20.4822536
6334088924 44.8037812 20.4850670
6334088935 44.8052809 20.4829210
6334088936 44.8046751 20.4821898
6334088938 44.8028750 20.4863449
6334088940 44.8042625 20.4844969
6334088941 44.8042688 20.4843799
6334088942 44.8052019 20.4829515
6334088943 44.8048524 20.4824851
6334088944 44.8046305 20.4821890
6334088948 44.8049384 20.4806862
6334088949 44.8049358 20.4805826
6334088951 44.8053068 20.4812516
6334088952 44.8042843 20.4827943
6334088953 44.8042478 20.4828522
6334088954 44.8037498 20.4837649
6334088955 44.8036826 20.4836652
6334088956 44.8036869 20.4837649
6334088957 44.8024364 20.4858772
6334088958 44.8019183 20.4853552
6334152408 44.8004417 20.4891925
6334152410 44.8004010 20.4892957
6334152421 44.7997914 20.4908747
6334152423 44.7998301 20.4907320
6334195745 44.8019349 20.4747247
6334195746 44.8020224 20.4749082
6335663251 44.8001339 20.4746341
6335663256 44.7987640 20.4728904
6335676959 44.7984244 20.4733618
6335676960 44.7994639 20.4757265
6335676961 44.7999061 20.4750039
6335709011 44.8011672 20.4731764
6335762152 44.8011364 20.4898535
6335769413 44.8011417 20.4729650
6335802785 44.8052080 20.4776745
6335884529 44.8029650 20.4748610
6335884530 44.8028096 20.4749700
6335884531 44.8027255 20.4751028
6335884532 44.8022789 20.4754858
6335884533 44.8022847 20.4753609
6335884534 44.8021945 20.4753211
6335961639 44.8030807 20.4796307
6335961641 44.8009826 20.4864080
6335961793 44.8033714 20.4799400
6335961890 44.8001949 20.4881163
6335962073 44.8032552 20.4807776
6335972603 44.8045377 20.4777393
6335994139 44.8057664 20.4787904
6335994140 44.8054809 20.4790375
6336018131 44.8042667 20.4778853
6336018132 44.8042120 20.4778934
6336079408 44.8025528 20.4826288
6336079409 44.8004254 20.4877248
6336374051 44.8030754 20.4812091
6336579534 44.8011915 20.4850827
6337989691 44.8028065 20.4911478
6338040441 44.7979729 20.4934176
6338106594 44.7985368 20.4992547
6338199140 44.8052400 20.4914985
6338199141 44.8047170 20.4909157
6338199142 44.8045271 20.4907008
6338199143 44.8045170 20.4905750
6338199144 44.8044133 20.4905675
6338199145 44.8039468 20.4900896
6338199146 44.8035023 20.4897038
6338199147 44.8035733 20.4896789
6338199148 44.8034449 20.4895223
6338199149 44.8031774 20.4892218
6338199150 44.8022431 20.4908195
6338199151 44.8023235 20.4907610
6338224089 44.8038003 20.4922016
6338224091 44.8045484 20.4929513
6338363848 44.7998242 20.4713877
6338432263 44.8046713 20.4774256
6338432264 44.8051243 20.4758381
6338432265 44.8049730 20.4762225
6338432266 44.8049831 20.4763336
6340678370 44.8074996 20.4857029
6340678373 44.8061844 20.4887450
6340678376 44.8060121 20.4892989
6343791234 44.8015621 20.4739646
6343791236 44.8015277 20.4738919
6345177006 44.8031683 20.4833220
6345177007 44.8033343 20.4831531
6345177008 44.8049328 20.4853654
6345177009 44.8059163 20.4865348
6345177011 44.8067117 20.4873826
6345177012 44.8070923 20.4853158
6345177013 44.8062808 20.4869675
6345177014 44.8062760 20.4869155
6345177015 44.8056612 20.4881715
6345177016 44.8048143 20.4870414
6345177017 44.8053169 20.4858508
6345177018 44.8061258 20.4847454
6345326245 44.8003657 20.4789647
6345326246 44.8003697 20.4785307
6345326247 44.8002514 20.4788158
6345326250 44.7997754 20.4799158
6345326252 44.7999267 20.4799884
6345326254 44.7993711 20.4811596
6345326257 44.7990077 20.4822079
6345326259 44.7983949 20.4837149
6345493948 44.8021226 20.4908830
6345493949 44.8033727 20.4880802
6345493950 44.8034316 20.4881341
6345493951 44.8035927 20.4877932
6345493952 44.8035441 20.4877412
6345493953 44.8047524 20.4855457
6345493954 44.8048390 20.4852162
6345493955 44.8048945 20.4852812
6345493956 44.8051628 20.4847199
6345493957 44.8056122 20.4842832
6345493958 44.8055764 20.4842145
6345493959 44.8058763 20.4840236
6345493964 44.8056981 20.4823388
6345565230 44.8009702 20.4928576
6345565232 44.8001165 20.4928827
6345786731 44.7985899 20.4880402
6345786732 44.7986335 20.4878716
6345786734 44.7998602 20.4889263
6345786736 44.8019967 20.4911896
6345786737 44.8013183 20.4909887
6345786739 44.8013473 20.4908700
6345786741 44.8004420 20.4909018
6347633846 44.7993740 20.4897428
6347633847 44.8000304 20.4881600
6347633848 44.8001160 20.4877543
6347633849 44.7988482 20.4870247
6365110894 44.8042866 20.4828499
6368990393 44.8047807 20.4851695
6370606046 44.7971184 20.4771372
6370697622 44.8046235 20.4857887
6548522340 44.8056936 20.4784212
6633920647 44.7986557 20.4914398
6633920648 44.8009091 20.4860513
6633920649 44.8018540 20.4837754
6633920650 44.8029864 20.4810584
6789481367 44.7999400 20.4761978
6789481371 44.7996607 20.4754044
6790648793 44.8002606 20.4744330
6810307429 44.7979876 20.4738110
6810307430 44.7980082 20.4738931
6852627972 44.7951412 20.4845895
6852627973 44.7953420 20.4839766
6852627974 44.7952620 20.4842167
6852627975 44.7964569 20.4819147
6852627977 44.7969208 20.4840987
6852627978 44.7991960 20.4854600
6896986549 44.7989248 20.4911790
6900040949 44.7973096 20.4821453
6900040950 44.7973100 20.4821044
6900040961 44.7962784 20.4816042
6900040962 44.7962385 20.4817007
6900040963 44.7963784 20.4814070
6900040964 44.7963156 20.4815210
6900040965 44.7965444 20.4811777
6900040966 44.7965322 20.4812084
7105803154 44.7963489 20.4797803
7105803155 44.7962175 20.4797696
7105803160 44.7988917 20.4783440
7105803161 44.7972996 20.4827582
7105803162 44.7972506 20.4827702
7128473789 44.8013631 20.4877777
7128473790 44.8016694 20.4870228
7128510389 44.8015511 20.4879255
7275703077 44.7992963 20.4961733
7281987601 44.7990659 20.4797206
7297722344 44.7991645 20.4854217
7580899248 44.8051157 20.4793574
7841022563 44.8030405 20.4914637
7841022565 44.8033345 20.4912855
7894271386 44.8006987 20.4941975
8082020376 44.8047349 20.4751319
8082020382 44.8054337 20.4752917
8191778502 44.8057790 20.4743873
8191778506 44.8055559 20.4740674
8195419344 44.8058127 20.4787503
8200098179 44.8051100 20.4763683
8402623693 44.8025648 20.4790494
8402623700 44.8009871 20.4771946
8402623702 44.8033075 20.4780560
8402623703 44.8033342 20.4780576
8402623704 44.8033204 20.4780600
8402623705 44.8033442 20.4780489
8402623706 44.8033637 20.4780161
8402623707 44.8042943 20.4778665
8402623708 44.8042438 20.4778913
8402623709 44.8038342 20.4775339
8402623710 44.8039551 20.4776613
8402677609 44.7975111 20.4872704
8402677610 44.7974623 20.4873854
8402677611 44.7973668 20.4875844
8402677612 44.7974322 20.4859061
8402677613 44.7973808 20.4859383
8402677614 44.7974483 20.4859039
8402677615 44.7974130 20.4859141
8402677616 44.7974753 20.4859112
8402703517 44.7980893 20.4824611
8402703518 44.7980019 20.4801399
8402703519 44.7979743 20.4790310
8402703520 44.7977732 20.4762004
8402703521 44.7977340 20.4757471
8402703527 44.8002742 20.4830975
8402703535 44.8001522 20.4787262
8402703536 44.8002899 20.4784502
8402703560 44.8015671 20.4819825
8402703561 44.8016942 20.4817236
8402703564 44.7992046 20.4854808
8402703565 44.7991769 20.4854348
8402703566 44.7992086 20.4855015
8402703568 44.8039123 20.4804629
8402703569 44.8038739 20.4804661
8402703570 44.8038302 20.4804580
8402703571 44.8037888 20.4804378
8402703572 44.8039468 20.4803637
8402703573 44.8039755 20.4803540
8402703574 44.8040203 20.4803293
8402703575 44.8039003 20.4803670
8402703576 44.8038460 20.4803528
8402703577 44.8037791 20.4803196
8402703578 44.8038066 20.4804483
8402703579 44.8038917 20.4804661
8402703580 44.8039646 20.4804346
8402703581 44.8039946 20.4804095
8402703582 44.8040702 20.4803436
8402703583 44.8027142 20.4792291
8402703632 44.7992780 20.4695825
8402703633 44.8006055 20.4721239
8402703634 44.8014674 20.4712126
8402703635 44.8014967 20.4712073
8402703636 44.8015357 20.4712160
8402703637 44.8016085 20.4712381
8402703638 44.8016561 20.4712710
8402703639 44.8014396 20.4712267
8402703642 44.8034517 20.4744816
8402703643 44.8032899 20.4746170
8402703644 44.8052324 20.4759706
8402703645 44.8051967 20.4759406
8402703647 44.8002658 20.4708324
8402703648 44.8002106 20.4708995
8402771574 44.7976704 20.4742875
8402771575 44.7977203 20.4743586
8402771577 44.7976487 20.4743735
8402771578 44.7976188 20.4744016
8402771579 44.7976055 20.4743328
8402771580 44.7980898 20.4737040
8402771581 44.7985314 20.4766715
8402771582 44.7985754 20.4765656
8446944465 44.8052441 20.4721836
8585697954 44.8039366 20.4787855
8602241396 44.7962165 20.4817625
8602241397 44.7964692 20.4817649
8602261400 44.7993296 20.4740642
8602261401 44.7997141 20.4736833
8736380199 44.8018742 20.4683279
8736380203 44.8014278 20.4690967
8804821395 44.8060314 20.4893179
8804821396 44.8062144 20.4887778
8804821399 44.8067273 20.4873925
8804821401 44.8075323 20.4857366
8804821404 44.8083565 20.4841478
8919613133 44.8033902 20.4799630
8919613134 44.8034065 20.4799936
8919613135 44.7991267 20.4781096
8922349452 44.7983783 20.4836957
8922349453 44.7983688 20.4836104
8951119901 44.7981506 20.4846712
8951119905 44.7981710 20.4846863
8951119910 44.7989538 20.4821716
8951126723 44.7988597 20.4840804
8951126726 44.7992740 20.4843451
8951126727 44.7992966 20.4842816
8951126779 44.7993015 20.4844310
8951126787 44.7983671 20.4836536
8951126797 44.7998316 20.4814340
8951126798 44.7991571 20.4823130
8951126801 44.7985104 20.4838098
8951126804 44.7981472 20.4841999
8951126812 44.7980809 20.4822125
8951126815 44.7981216 20.4834654
8951126816 44.7980754 20.4820845
8951126832 44.7997382 20.4827216
8951126840 44.7980552 20.4816029
8951126844 44.7982382 20.4847360
8951126849 44.7980659 20.4851506
8951126857 44.7977659 20.4843166
8951126870 44.7977599 20.4841480
8956670318 44.7979533 20.4850750
8956670324 44.7980806 20.4826938
8956670326 44.7980408 20.4817975
8956670329 44.7980418 20.4812426
8956670392 44.7988428 20.4857151
8956670411 44.7975259 20.4872219
8956670414 44.7975677 20.4870510
8956670416 44.7974357 20.4874408
8956670424 44.7977315 20.4861076
8956670427 44.7965656 20.4862591
8956670428 44.7967883 20.4854659
8956670429 44.7968910 20.4850998
8956670431 44.7975692 20.4847947
8956670435 44.7967591 20.4855699
8956670442 44.7973106 20.4860313
8956670453 44.7970140 20.4867435
8956670456 44.7969799 20.4868276
8956670606 44.7998247 20.4886649
8960777396 44.7981412 20.4842551
8960777405 44.7984165 20.4837327
8960998172 44.7974870 20.4873307
8983471223 44.7971911 20.4717498
8983471224 44.7973224 20.4705508
8983471225 44.7975984 20.4742375
8983471226 44.7975936 20.4739532
8983471227 44.7964569 20.4749389
9003625088 44.7963622 20.4883794
9003625089 44.7964126 20.4881930
9003640438 44.7972515 20.4813125
9003640439 44.7972134 20.4813132
9003640440 44.7968076 20.4812475
9003640442 44.7968418 20.4829654
9003640443 44.7969389 20.4829265
9003640444 44.7971868 20.4828306
9003640445 44.7971873 20.4828648
9003640446 44.7971944 20.4827314
9003640447 44.7972092 20.4826536
9007158419 44.7992856 20.4764839
9007158420 44.7992723 20.4760936
9007158421 44.7987051 20.4727609
9007158422 44.7986604 20.4726215
9007158441 44.7980714 20.4735441
9056513800 44.7990730 20.4853539
9139081801 44.8010657 20.4920912
9237939201 44.7991784 20.4856726
9248078847 44.7991965 20.4855917
